1 1100 -6.86099e-05
2 1100 -5.10529e-05
3 1100 -4.52071e-05
4 1100 -4.101e-05
5 1100 -3.44105e-05
6 1100 -2.87416e-05
7 1100 -2.35882e-05
8 1100 -1.78023e-05
9 1100 -1.06209e-05
10 1100 -5.8766e-06
11 1100 -1.74188e-06
12 1100 5.06802e-06
13 1100 1.17518e-05
14 1100 1.58248e-05
15 1100 2.15983e-05
16 1100 3.0084e-05
17 1100 3.91731e-05
18 1100 4.24179e-05
19 1100 4.8247e-05
20 1100 5.32421e-05
21 1100 6.91943e-05
22 1100 5.44904e-05
23 1100 4.76542e-05
24 1100 4.46936e-05
25 1100 3.53484e-05
26 1100 2.8296e-05
27 1100 2.36681e-05
28 1100 2.0349e-05
29 1100 1.04422e-05
30 1100 5.36848e-06
31 1100 -3.17199e-06
32 1100 -7.80256e-06
33 1100 -1.17856e-05
34 1100 -2.08728e-05
35 1100 -2.73603e-05
36 1100 -3.14572e-05
37 1100 -3.43312e-05
38 1100 -4.28245e-05
39 1100 -4.71057e-05
40 1100 -5.23843e-05