1 1100 -5.0064e-05
2 1100 -3.90281e-05
3 1100 -3.24761e-05
4 1100 -2.92393e-05
5 1100 -2.791e-05
6 1100 -2.22489e-05
7 1100 -2.01916e-05
8 1100 -1.51001e-05
9 1100 -1.16664e-05
10 1100 -6.67526e-06
11 1100 -1.93629e-06
12 1100 2.0172e-06
13 1100 6.5857e-06
14 1100 1.38981e-05
15 1100 1.43783e-05
16 1100 2.1275e-05
17 1100 2.82702e-05
18 1100 3.32264e-05
19 1100 3.40119e-05
20 1100 4.29985e-05
21 1100 5.47111e-05
22 1100 4.13644e-05
23 1100 3.80789e-05
24 1100 3.32553e-05
25 1100 3.03474e-05
26 1100 2.35336e-05
27 1100 1.56734e-05
28 1100 1.29509e-05
29 1100 6.13614e-06
30 1100 2.1008e-06
31 1100 7.55244e-08
32 1100 -3.24894e-06
33 1100 -8.55325e-06
34 1100 -1.35821e-05
35 1100 -1.88343e-05
36 1100 -2.13795e-05
37 1100 -2.7013e-05
38 1100 -3.22086e-05
39 1100 -3.42556e-05
40 1100 -3.84355e-05