1 1100 -4.21834e-05
2 1100 -3.26055e-05
3 1100 -2.81386e-05
4 1100 -2.41813e-05
5 1100 -2.18992e-05
6 1100 -1.75178e-05
7 1100 -1.59052e-05
8 1100 -1.06349e-05
9 1100 -7.24842e-06
10 1100 -4.44937e-06
11 1100 -3.42266e-07
12 1100 1.97503e-06
13 1100 3.87394e-06
14 1100 9.77896e-06
15 1100 1.59571e-05
16 1100 1.94687e-05
17 1100 2.16571e-05
18 1100 2.82411e-05
19 1100 2.7657e-05
20 1100 3.18931e-05
21 1100 4.40572e-05
22 1100 3.13493e-05
23 1100 2.96764e-05
24 1100 2.35202e-05
25 1100 1.84455e-05
26 1100 1.70681e-05
27 1100 1.18499e-05
28 1100 8.82502e-06
29 1100 6.88804e-06
30 1100 4.69601e-06
31 1100 2.61633e-06
32 1100 -3.44516e-06
33 1100 -3.75356e-06
34 1100 -9.80106e-06
35 1100 -1.30737e-05
36 1100 -1.81212e-05
37 1100 -2.21685e-05
38 1100 -2.4234e-05
39 1100 -2.78281e-05
40 1100 -3.11422e-05