1 1100 -5.70401e-05
2 1100 -4.62952e-05
3 1100 -3.77716e-05
4 1100 -3.31404e-05
5 1100 -3.22133e-05
6 1100 -2.60289e-05
7 1100 -2.23323e-05
8 1100 -1.59964e-05
9 1100 -9.57178e-06
10 1100 -7.87213e-06
11 1100 -3.36433e-06
12 1100 2.22032e-06
13 1100 1.04268e-05
14 1100 1.31934e-05
15 1100 1.83978e-05
16 1100 2.4629e-05
17 1100 2.86412e-05
18 1100 3.20097e-05
19 1100 3.98393e-05
20 1100 4.49234e-05
21 1100 6.08031e-05
22 1100 4.50041e-05
23 1100 4.1056e-05
24 1100 3.75435e-05
25 1100 3.46764e-05
26 1100 2.86131e-05
27 1100 1.90666e-05
28 1100 1.31673e-05
29 1100 1.15415e-05
30 1100 3.3764e-06
31 1100 7.47018e-07
32 1100 -6.561e-06
33 1100 -9.37472e-06
34 1100 -1.45094e-05
35 1100 -1.54768e-05
36 1100 -2.54156e-05
37 1100 -2.775e-05
38 1100 -3.38137e-05
39 1100 -4.04987e-05
40 1100 -4.50879e-05